image_width: 1920
image_height: 1080
camera_name: vi-output,_sgx-yuv-gmsl2_11-001
# 相机内参矩阵
camera_matrix:
  rows: 3
  cols: 3
  # [fx, 0, cx, 0, fy, cy, 0, 0, 1]
  data: [3605.765365417338, 0.0000000e+00, 928.9698710403366, 0.0000000e+00, 2548.3355424889564, 565.8965476496396, 0, 0, 1]
# 畸变模型
distortion_model: plumb_bob
# 畸变系数
distortion_coefficients:
  rows: 1
  cols: 5
  # [k1, k2, p1, p2, k3]
  data: [0.01, 0.001, 0.0001, 0.0001, 0.0]
# 矫正矩阵（通常为单位矩阵）
rectification_matrix:
  rows: 3
  cols: 3
  data: [1.0, 0.0, 0.0, 0.0, 1.0, 0.0, 0.0, 0.0, 1.0]
# 投影矩阵
projection_matrix:
  rows: 3
  cols: 4
  # [fx', 0, cx', Tx, 0, fy', cy', Ty, 0, 0, 1, 0]
  data: [3605.765365417338, 0.0, 928.9698710403366, 0.0, 0.0, 2548.3355424889564, 565.8965476496396, 0.0, 0.0, 0.0, 1.0, 0.0]
