image_width: 1920
image_height: 1080
camera_name: vi-output, sgx-yuv-gmsl2 12-001
# 相机内参矩阵
camera_matrix:
  rows: 3
  cols: 3
  # [fx, 0, cx, 0, fy, cy, 0, 0, 1]
  data: [823.8995676735902, 0.000000,  959.0123166999296, 0.000000, 677.8400594710483, 541.4519192646985, 0.00000000e+00, 0.00000000e+00, 1.00000000e+00]
# 畸变模型
distortion_model: plumb_bob
# 畸变系数
distortion_coefficients:
  rows: 1
  cols: 5
  # [k1, k2, p1, p2, k3]
  data: [0.0, 0.0, 0.0, 0.0, 0.0]
# 矫正矩阵（通常为单位矩阵）
rectification_matrix:
  rows: 3
  cols: 3
  data: [1.0, 0.0, 0.0, 0.0, 1.0, 0.0, 0.0, 0.0, 1.0]
# 投影矩阵
projection_matrix:
  rows: 3
  cols: 4
  # [fx', 0, cx', Tx, 0, fy', cy', Ty, 0, 0, 1, 0]
  data: [823.8995676735902, 0.0, 959.0123166999296, 0.0, 0.0, 677.8400594710483, 541.4519192646985, 0.0, 0.0, 0.0, 1.0, 0.0]
