#pragma once
#include <string.h>

// define camera camera intrinsics, all resize to 1920*1080
float camera_intrinsics_BN[1][6][4][4] = {{
  // camera fw
  {{574.32874025, 0., 960.18839962, 0.0000000e+00},
    {0, 837.9000107, 539.55723211, 0.0000000e+00},
    {0.0000000e+00, 0.0000000e+00, 1.0000000e+00, 0.0000000e+00},
    {0.0000000e+00, 0.0000000e+00, 0.0000000e+00, 1.0000000e+00}},
  // camera rf
  {{8.18660583e+02, 0.00000000e+00, 9.56583378e+02, 0.0000000e+00},
    {0.00000000e+00, 1.07819153e+03, 5.39624603e+02, 0.0000000e+00},
    {0.00000000e+00, 0.00000000e+00, 1.00000000e+00, 0.0000000e+00},
    {0.0000000e+00, 0.0000000e+00, 0.0000000e+00, 1.0000000e+00}},
  // camera rb
  {{8.11571045e+02, 0.00000000e+00, 9.58471591e+02, 0.0000000e+00},
    {0.00000000e+00, 1.07228955e+03, 5.38626534e+02, 0.0000000e+00},
    {0.00000000e+00, 0.00000000e+00, 1.00000000e+00, 0.0000000e+00},
    {0.0000000e+00, 0.0000000e+00, 0.0000000e+00, 1.0000000e+00}},
  // camera lf
  {{8.17678818e+02, 0.00000000e+00, 9.60709276e+02, 0.0000000e+00},
    {0.00000000e+00, 1.07785584e+03, 5.39710836e+02, 0.0000000e+00},
    {0.00000000e+00, 0.00000000e+00, 1.00000000e+00, 0.0000000e+00},
    {0.0000000e+00, 0.0000000e+00, 0.0000000e+00, 1.0000000e+00}},
  // camera lb
  {{8.21505859e+02, 0.00000000e+00, 9.59607653e+02, 0.0000000e+00},
    {0.00000000e+00, 1.08075085e+03, 5.40275193e+02, 0.0000000e+00},
    {0.00000000e+00, 0.00000000e+00, 1.00000000e+00, 0.0000000e+00},
    {0.0000000e+00, 0.0000000e+00, 0.0000000e+00, 1.0000000e+00}},
  // camera back
  {{8.17678818e+02, 0.00000000e+00, 9.60709276e+02, 0.0000000e+00},
    {0.00000000e+00, 1.07785584e+03, 5.39710836e+02, 0.0000000e+00},
    {0.00000000e+00, 0.00000000e+00, 1.00000000e+00, 0.0000000e+00},
    {0.0000000e+00, 0.0000000e+00, 0.0000000e+00, 1.0000000e+00}},
  }};

// define camera to lidar matrix
float camera2lidar_BN[1][6][4][4] = {{
  // camera fw
  {{-0.0608183,  0.194397,   0.979036,   0.28130648},
    {-0.997651,   0.0191406,  -0.0657752, 0.34732887},
    {-0.0315258,  -0.980736,   0.192776,  -0.25504392},
    {0., 0., 0., 1.}},
  // camera rf
  {{-0.88853101,  0.10591533,  0.44642485,  1.02930565},
    {-0.44961975, -0.00715831, -0.89319152, -0.76024466},
    {-0.09140685, -0.99434918,  0.05398191, -0.80918756},
    {0., 0., 0., 1.}},
  // camera rb
  {{-0.85675234,  0.02847209, -0.51494205,  0.8496967},
    {0.51521901,  0.00288151, -0.85705386, -0.63790053},
    {-0.02291817, -0.99959022, -0.01713801, -0.81723567},
    {0., 0., 0., 1.}},
  // camera lf
  {{0.88732638, 0.15971245,  0.43260186,  1.161614},
    {-0.44420258, 0.04409799,  0.89484058,  1.23325638},
    {0.12384012, -0.98617795, 0.11007385, -0.8331219},
    {0., 0., 0., 1.}},
  // camera lb
  {{0.88392489,  0.05897506, -0.46389579,  1.00922364},
    {0.45482678,  0.12211269,  0.88216855,  1.26062379},
    {0.1086733,  -0.99076235,  0.08111501, -0.78672348},
    {0., 0., 0., 1.}},
  // camera back
  {{0.0797498,   0.0298864,  -0.996367,   -1.11917935},
    {0.99667,     0.0146364,   0.0802131,  0.30898802},
    {0.0169805,  -0.999446,   -0.0286197,  -0.51440968},
    {0., 0., 0., 1.}},
  }};

// define lidar2image matrix
float lidar2image_BN[1][6][4][4] = {{
  // camera fw
  {{9.05129312e+02, -6.36136226e+02,  1.66995106e+02,  8.92094787e+00},
    {6.91131203e+02, -1.94515759e+01, -7.17745020e+02, -3.70720011e+02},
    {9.79036000e-01, -6.57752000e-02,  1.92776000e-01, -2.03397000e-01},
    {0.00000000e+00, 0.00000000e+00, 0.00000000e+00, 1.00000000e+00}},
  
  // camera rf
  {{-3.00362724e+02, -1.22249813e+03, -2.31929873e+01, -6.39000100e+02},
    {3.55098844e+02, -4.89706149e+02, -1.04296890e+03, -1.58175910e+03},
    {4.46424850e-01, -8.93191520e-01,  5.39819100e-02, -1.09486975e+00},
    {0.00000000e+00, 0.00000000e+00, 0.00000000e+00, 1.00000000e+00}},

  // camera rb
  {{-1.18887272e+03, -4.03324946e+02, -3.50260189e+01,  7.24274884e+02},
    {-2.46831127e+02, -4.58542137e+02, -1.08108113e+03, -9.66271082e+02},
    {-5.14942050e-01, -8.57053860e-01, -1.71380100e-02, -1.23176530e-01},
    {0.00000000e+00, 0.00000000e+00, 0.00000000e+00, 1.00000000e+00}},

  // camera lf
  {{1.14115261e+03,  4.96466605e+02,  2.07010412e+02, -1.76538345e+03},
    {4.05626908e+02,  5.30486434e+02, -1.00354961e+03, -1.96148651e+03},
    {4.32601860e-01,  8.94840580e-01,  1.10073850e-01, -1.51437864e+00},
    {0.00000000e+00, 0.00000000e+00, 0.00000000e+00, 1.00000000e+00}},

  // camera lb
  {{2.80991526e+02,  1.22017856e+03,  1.67114337e+02, -1.69029593e+03},
    {-1.86894041e+02,  6.08587177e+02, -1.02694282e+03, -1.38650170e+03},
    {-4.63895790e-01,  8.82168550e-01,  8.11150100e-02, -5.80092970e-01},
    {0.00000000e+00, 0.00000000e+00, 0.00000000e+00, 1.00000000e+00}},

  {{-8.92009297e+02,  8.92017417e+02, -1.36106161e+01, -1.28094217e+03},
    {-5.05536836e+02,  5.90678085e+01, -1.09270507e+03, -1.14613550e+03},
    {-9.96367000e-01,  8.02131000e-02, -2.86197000e-02, -1.15462000e+00},
    {0.00000000e+00, 0.00000000e+00, 0.00000000e+00, 1.00000000e+00}},
  }};

// define img_aug matrix
float img_aug_BN[1][6][4][4] = {{{{0.4, 0., 0., -32.},
                                  {0., 0.4, 0., -176.},
                                  {0., 0., 1., 0.},
                                  {0., 0., 0., 1.}},
                                 {{0.4, 0., 0., -32.},
                                  {0., 0.4, 0., -176.},
                                  {0., 0., 1., 0.},
                                  {0., 0., 0., 1.}},
                                 {{0.4, 0., 0., -32.},
                                  {0., 0.4, 0., -176.},
                                  {0., 0., 1., 0.},
                                  {0., 0., 0., 1.}},
                                 {{0.4, 0., 0., -32.},
                                  {0., 0.4, 0., -176.},
                                  {0., 0., 1., 0.},
                                  {0., 0., 0., 1.}},
                                 {{0.4, 0., 0., -32.},
                                  {0., 0.4, 0., -176.},
                                  {0., 0., 1., 0.},
                                  {0., 0., 0., 1.}},
                                 {{0.4, 0., 0., -32.},
                                  {0., 0.4, 0., -176.},
                                  {0., 0., 1., 0.},
                                  {0., 0., 0., 1.}}}};


typedef unsigned short half;
inline half __internal_float2half(const float f) {
  unsigned int x;
  unsigned int u;
  unsigned int result;
  unsigned int sign;
  unsigned int remainder;
  (void)memcpy(&x, &f, sizeof(f));
  u = (x & 0x7fffffffU);
  sign = ((x >> 16U) & 0x8000U);
  // NaN/+Inf/-Inf
  if (u >= 0x7f800000U) {
    remainder = 0U;
    result = ((u == 0x7f800000U) ? (sign | 0x7c00U) : 0x7fffU);
  } else if (u > 0x477fefffU) {  // Overflows
    remainder = 0x80000000U;
    result = (sign | 0x7bffU);
  } else if (u >= 0x38800000U) {  // Normal numbers
    remainder = u << 19U;
    u -= 0x38000000U;
    result = (sign | (u >> 13U));
  } else if (u < 0x33000001U) {  // +0/-0
    remainder = u;
    result = sign;
  } else {  // Denormal numbers
    const unsigned int exponent = u >> 23U;
    const unsigned int shift = 0x7eU - exponent;
    unsigned int mantissa = (u & 0x7fffffU);
    mantissa |= 0x800000U;
    remainder = mantissa << (32U - shift);
    result = (sign | (mantissa >> shift));
    result &= 0x0000FFFFU;
  }

  unsigned short x_tmp = static_cast<unsigned short>(result);
  if ((remainder > 0x80000000U) ||
      ((remainder == 0x80000000U) && ((x & 0x1U) != 0U))) {
    x_tmp++;
  }
  return x_tmp;
}