#pragma once
#include <string.h>

#define INFER_IMG_HEIGHT 1080
#define INFER_IMG_WIDTH 1920

// define camera camera intrinsics, all resize to 1920*1080
float camera_intrinsics_BN[1][6][4][4] = {{
  // camera fw
  {{1002.010255, 0, 960.626682, 0.0000000e+00},
    {0, 1001.998804, 603.335471, 0.0000000e+00},
    {0.0000000e+00, 0.0000000e+00, 1.0000000e+00, 0.0000000e+00},
    {0.0000000e+00, 0.0000000e+00, 0.0000000e+00, 1.0000000e+00}},
  // camera lf
  {{823.8995676735902, 0.000000,  959.0123166999296, 0.0000000e+00},
    {0.00000000e+00, 677.8400594710483, 541.4519192646985, 0.0000000e+00},
    {0.00000000e+00, 0.00000000e+00, 1.00000000e+00, 0.0000000e+00},
    {0.0000000e+00, 0.0000000e+00, 0.0000000e+00, 1.0000000e+00}},
  // camera lb
  {{823.8995676735902, 0.000000,  959.0123166999296, 0.0000000e+00},
    {0.00000000e+00, 677.8400594710483, 541.4519192646985, 0.0000000e+00},
    {0.00000000e+00, 0.00000000e+00, 1.00000000e+00, 0.0000000e+00},
    {0.0000000e+00, 0.0000000e+00, 0.0000000e+00, 1.0000000e+00}},
  // camera rf
  {{823.8995676735902, 0.000000,  959.0123166999296, 0.0000000e+00},
    {0.00000000e+00, 677.8400594710483, 541.4519192646985, 0.0000000e+00},
    {0.00000000e+00, 0.00000000e+00, 1.00000000e+00, 0.0000000e+00},
    {0.0000000e+00, 0.0000000e+00, 0.0000000e+00, 1.0000000e+00}},
  // camera rb
  {{823.8995676735902, 0.000000,  959.0123166999296, 0.0000000e+00},
    {0.00000000e+00, 677.8400594710483, 541.4519192646985, 0.0000000e+00},
    {0.00000000e+00, 0.00000000e+00, 1.00000000e+00, 0.0000000e+00},
    {0.0000000e+00, 0.0000000e+00, 0.0000000e+00, 1.0000000e+00}},
  // camera back
  {{572.992280243004, 0, 955.723020375097, 0.0000000e+00},
    {0, 837.3788504712606, 544.6436770113373, 0.0000000e+00},
    {0.0000000e+00, 0.0000000e+00, 1.0000000e+00, 0.0000000e+00},
    {0.0000000e+00, 0.0000000e+00, 0.0000000e+00, 1.0000000e+00}}
}};

// define camera to lidar matrix
float camera2lidar_BN[1][6][4][4] = {{
  // camera fw
  {{5.38237000e-02, -4.36414000e-01,  8.98135000e-01,  3.04404912e-01},
    {-9.98455000e-01, -1.10808000e-02,  5.44514000e-02, -7.15328863e-04},
    {-1.38113000e-02, -8.99678000e-01, -4.36336000e-01, -3.32843142e-01},
    {0., 0., 0., 1.}},
  // camera lf
  {{0.859239,   -0.175246,    0.480622,    0.02197165},
    {-0.504635,   -0.444567,    0.74007,     0.49616305},
    {0.0839737,  -0.878436,   -0.470425,   -0.20537759},
    {0., 0., 0., 1.}},
  // camera lb
  {{0.881529,    0.173509,   -0.439091,   -0.066904},
    {0.469316,   -0.423413,    0.774896,    0.52060449},
    {-0.0514653,  -0.889166,   -0.45468,    -0.20035561},
    {0., 0., 0., 1.}},
  // camera rf
  {{-0.917927,   -0.130153,    0.374793,   -0.00895074},
    {-0.389894,    0.47077,    -0.791428,   -0.49416483},
    {-0.0734341,  -0.872603,   -0.482878,   -0.23653892},
    {0., 0., 0., 1.}},
  // camera rb
  {{-0.952495,    0.137097,   -0.271951,   -0.0978151},
    {0.303789,    0.490959,   -0.8165,     -0.55790069},
    {0.0215772,  -0.860328,   -0.509284,   -0.1070349},
    {0., 0., 0., 1.}},
  // camera back
  // 此处用的camera front120的参数，需要debug
   {{5.38237000e-02, -4.36414000e-01,  8.98135000e-01,  3.04404912e-01},
    {-9.98455000e-01, -1.10808000e-02,  5.44514000e-02, -7.15328863e-04},
    {-1.38113000e-02, -8.99678000e-01, -4.36336000e-01, -3.32843142e-01},
    {0., 0., 0., 1.}},
  }};

// define lidar2image matrix
float lidar2image_BN[1][6][4][4] = {{
  // camera fw
  {{8.89208859e+02, -5.20066551e+02, -4.24930128e+02, -4.12486440e+02},
    {1.23719695e+02,  2.03777831e+01, -9.91018973e+02, -3.67500055e+02},
    {8.98135000e-01,  5.44514000e-02, -4.36336000e-01, -4.18589000e-01},
    {0.00000000e+00, 0.00000000e+00, 0.00000000e+00, 1.00000000e+00}},
  
  // camera lf
  {{1.16884906e+03,  2.93967687e+02, -3.81957474e+02, -2.49982479e+02},
    {1.41444945e+02,  9.93670002e+01, -8.50151630e+02, -2.27011925e+02},
    {4.80622000e-01,  7.40070000e-01, -4.70425000e-01, -4.74370000e-01},
    {0.00000000e+00, 0.00000000e+00, 0.00000000e+00, 1.00000000e+00}},

  // camera lb
  {{3.05197685e+02,  1.12980406e+03, -4.78445959e+02, -6.63621976e+02},
    {-1.20135314e+02,  1.32562633e+02, -8.48899693e+02, -2.47132987e+02},
    {-4.39091000e-01,  7.74896000e-01, -4.54680000e-01, -5.23890000e-01},
    {0.00000000e+00, 0.00000000e+00, 0.00000000e+00, 1.00000000e+00}},

  // camera rf
  {{-3.96848555e+02, -1.08022270e+03, -5.23588273e+02, -6.61209453e+02},
    {1.14709472e+02, -1.09413445e+02, -8.52940489e+02, -2.54795517e+02},
    {3.74793000e-01, -7.91428000e-01, -4.82878000e-01, -5.01961000e-01},
    {0.00000000e+00, 0.00000000e+00, 0.00000000e+00, 1.00000000e+00}},

  // camera rb
  {{-1.04556458e+03, -5.32741931e+02, -4.70632183e+02, -4.49863513e+02},
    {-5.43185523e+01, -1.09303814e+02, -8.58917582e+02, -1.58228282e+02},
    {-2.71951000e-01, -8.16500000e-01, -5.09284000e-01, -5.36638000e-01},
    {0.00000000e+00, 0.00000000e+00, 0.00000000e+00, 1.00000000e+00}},

  // camera back
  {{8.89208859e+02, -5.20066551e+02, -4.24930128e+02, -4.12486440e+02},
    {1.23719695e+02,  2.03777831e+01, -9.91018973e+02, -3.67500055e+02},
    {8.98135000e-01,  5.44514000e-02, -4.36336000e-01, -4.18589000e-01},
    {0.00000000e+00, 0.00000000e+00, 0.00000000e+00, 1.00000000e+00}},
  }};

// define img_aug matrix
float img_aug_BN[1][6][4][4] = {{{{0.4, 0., 0., -32.},
                                  {0., 0.4, 0., -176.},
                                  {0., 0., 1., 0.},
                                  {0., 0., 0., 1.}},
                                 {{0.4, 0., 0., -32.},
                                  {0., 0.4, 0., -176.},
                                  {0., 0., 1., 0.},
                                  {0., 0., 0., 1.}},
                                 {{0.4, 0., 0., -32.},
                                  {0., 0.4, 0., -176.},
                                  {0., 0., 1., 0.},
                                  {0., 0., 0., 1.}},
                                 {{0.4, 0., 0., -32.},
                                  {0., 0.4, 0., -176.},
                                  {0., 0., 1., 0.},
                                  {0., 0., 0., 1.}},
                                 {{0.4, 0., 0., -32.},
                                  {0., 0.4, 0., -176.},
                                  {0., 0., 1., 0.},
                                  {0., 0., 0., 1.}},
                                 {{0.4, 0., 0., -32.},
                                  {0., 0.4, 0., -176.},
                                  {0., 0., 1., 0.},
                                  {0., 0., 0., 1.}}}};


typedef unsigned short half;
inline half __internal_float2half(const float f) {
  unsigned int x;
  unsigned int u;
  unsigned int result;
  unsigned int sign;
  unsigned int remainder;
  (void)memcpy(&x, &f, sizeof(f));
  u = (x & 0x7fffffffU);
  sign = ((x >> 16U) & 0x8000U);
  // NaN/+Inf/-Inf
  if (u >= 0x7f800000U) {
    remainder = 0U;
    result = ((u == 0x7f800000U) ? (sign | 0x7c00U) : 0x7fffU);
  } else if (u > 0x477fefffU) {  // Overflows
    remainder = 0x80000000U;
    result = (sign | 0x7bffU);
  } else if (u >= 0x38800000U) {  // Normal numbers
    remainder = u << 19U;
    u -= 0x38000000U;
    result = (sign | (u >> 13U));
  } else if (u < 0x33000001U) {  // +0/-0
    remainder = u;
    result = sign;
  } else {  // Denormal numbers
    const unsigned int exponent = u >> 23U;
    const unsigned int shift = 0x7eU - exponent;
    unsigned int mantissa = (u & 0x7fffffU);
    mantissa |= 0x800000U;
    remainder = mantissa << (32U - shift);
    result = (sign | (mantissa >> shift));
    result &= 0x0000FFFFU;
  }

  unsigned short x_tmp = static_cast<unsigned short>(result);
  if ((remainder > 0x80000000U) ||
      ((remainder == 0x80000000U) && ((x & 0x1U) != 0U))) {
    x_tmp++;
  }
  return x_tmp;
}