#pragma once
#include <string.h>

#define INFER_IMG_HEIGHT 1200
#define INFER_IMG_WIDTH 1920

// define camera camera intrinsics, all resize to 1920*1200
float camera_intrinsics_BN[1][6][4][4] = {{
  // camera fw
  {{1126.134197, 0.000000, 960.367369, 0.0000000e+00},
    {0, 1126.121327,  602.648625, 0.0000000e+00},
    {0.0000000e+00, 0.0000000e+00, 1.0000000e+00, 0.0000000e+00},
    {0.0000000e+00, 0.0000000e+00, 0.0000000e+00, 1.0000000e+00}},
  // camera lf
  {{1007.814212, 0.000000, 969.794584, 0.0000000e+00},
    {0.00000000e+00, 1007.364940, 604.616891, 0.0000000e+00},
    {0.00000000e+00, 0.00000000e+00, 1.00000000e+00, 0.0000000e+00},
    {0.0000000e+00, 0.0000000e+00, 0.0000000e+00, 1.0000000e+00}},
  // camera lb
  {{1007.814212, 0.000000, 969.794584, 0.0000000e+00},
    {0.00000000e+00, 1007.364940, 604.616891, 0.0000000e+00},
    {0.00000000e+00, 0.00000000e+00, 1.00000000e+00, 0.0000000e+00},
    {0.0000000e+00, 0.0000000e+00, 0.0000000e+00, 1.0000000e+00}},
  // camera rf
  {{1004.016101, 0.000000,  959.065059, 0.0000000e+00},
    {0.00000000e+00, 1003.853272, 598.919680, 0.0000000e+00},
    {0.00000000e+00, 0.00000000e+00, 1.00000000e+00, 0.0000000e+00},
    {0.0000000e+00, 0.0000000e+00, 0.0000000e+00, 1.0000000e+00}},
  // camera rb
  {{1004.016101, 0.000000,  959.065059, 0.0000000e+00},
    {0.00000000e+00, 1003.853272, 598.919680, 0.0000000e+00},
    {0.00000000e+00, 0.00000000e+00, 1.00000000e+00, 0.0000000e+00},
    {0.0000000e+00, 0.0000000e+00, 0.0000000e+00, 1.0000000e+00}},
  // camera back
  {{1126.134197, 0.000000, 960.367369, 0.0000000e+00},
    {0, 1126.121327,  602.648625, 0.0000000e+00},
    {0.0000000e+00, 0.0000000e+00, 1.0000000e+00, 0.0000000e+00},
    {0.0000000e+00, 0.0000000e+00, 0.0000000e+00, 1.0000000e+00}}
}};

// define camera to lidar matrix
float camera2lidar_BN[1][6][4][4] = {{
  // camera fw
  {{-0.0304711,  -0.995002, -0.0950903, -0.0628741},
    {-0.521051,  0.0969979,  -0.847996,  -0.226249},
    {0.852981,  0.0237075, -0.521403,  -0.290832},
    {0., 0., 0., 1.}},
  // camera lf
  {{  0.976277,  -0.216125,  0.0131855,   0.513147},
    {-0.0699837,  -0.372584,  -0.925356, -0.0728838},
    {  0.204905,   0.902481,   -0.37887,  -0.453318},
    {0., 0., 0., 1.}},
  // camera lb
  {{  0.976277,  -0.216125,  0.0131855,   0.513147},
    {-0.0699837,  -0.372584,  -0.925356, -0.0728838},
    {  0.204905,   0.902481,   -0.37887,  -0.453318},
    {0., 0., 0., 1.}},
  // camera rf
  {{-0.980004,  -0.198389, -0.0152913, -0.579979},
    {-0.0573247,   0.355091,  -0.933072, -0.0293776},
    {  0.190541,  -0.913538,  -0.359363,  -0.456639},
    {0., 0., 0., 1.}},
  // camera rb
  {{-0.980004,  -0.198389, -0.0152913, -0.579979},
    {-0.0573247,   0.355091,  -0.933072, -0.0293776},
    {  0.190541,  -0.913538,  -0.359363,  -0.456639},
    {0., 0., 0., 1.}},
  // camera back
  // 此处用的camera front120的参数，需要debug
  {{-0.0304711,  -0.995002, -0.0950903, -0.0628741},
    {-0.521051,  0.0969979,  -0.847996,  -0.226249},
    {0.852981,  0.0237075, -0.521403,  -0.290832},
    {0., 0., 0., 1.}},
  }};

// define lidar2image matrix
float lidar2image_BN[1][6][4][4] = {{
  // camera fw
  {{-0.0304711,  -0.521051,    0.852981,    0.12827106},
    {-0.995002 ,   0.0969979 ,  0.0237075  -0.0337192},
    {-0.0950903,  -0.847996,   -0.521403,   -0.34947764},
    {0.00000000e+00, 0.00000000e+00, 0.00000000e+00, 1.00000000e+00}},
  
  // camera lf
  {{ 0.976277,   -0.0699837 ,  0.204905,   -0.41318717},
    {-0.216125,   -0.372584 ,   0.902481 ,   0.49285944},
    {0.0131855,  -0.925356,   -0.37887,    -0.24595815},
    {0.00000000e+00, 0.00000000e+00, 0.00000000e+00, 1.00000000e+00}},

  // camera lb
  {{ 0.976277,   -0.0699837 ,  0.204905,   -0.41318717},
    {-0.216125,   -0.372584 ,   0.902481 ,   0.49285944},
    {0.0131855,  -0.925356,   -0.37887,    -0.24595815},
    {0.00000000e+00, 0.00000000e+00, 0.00000000e+00, 1.00000000e+00}},

  // camera rf
  {{-0.980004 ,  -0.0573247  , 0.190541  , -0.48305735},
    {-0.198389 ,   0.355091 ,  -0.913538  , -0.52178681},
    {-0.0152913 , -0.933072  , -0.359363  , -0.20037921},
    {0.00000000e+00, 0.00000000e+00, 0.00000000e+00, 1.00000000e+00}},

  // camera rb
  {{-0.980004 ,  -0.0573247  , 0.190541  , -0.48305735},
    {-0.198389 ,   0.355091 ,  -0.913538  , -0.52178681},
    {-0.0152913 , -0.933072  , -0.359363  , -0.20037921},
    {0.00000000e+00, 0.00000000e+00, 0.00000000e+00, 1.00000000e+00}},

  // camera back
  {{-0.0304711,  -0.521051,    0.852981,    0.12827106},
    {-0.995002 ,   0.0969979 ,  0.0237075  -0.0337192},
    {-0.0950903,  -0.847996,   -0.521403,   -0.34947764},
    {0.00000000e+00, 0.00000000e+00, 0.00000000e+00, 1.00000000e+00}},
  }};

// define img_aug matrix
float img_aug_BN[1][6][4][4] = {{{{0.4, 0., 0., -32.},
                                  {0., 0.4, 0., -176.},
                                  {0., 0., 1., 0.},
                                  {0., 0., 0., 1.}},
                                 {{0.4, 0., 0., -32.},
                                  {0., 0.4, 0., -176.},
                                  {0., 0., 1., 0.},
                                  {0., 0., 0., 1.}},
                                 {{0.4, 0., 0., -32.},
                                  {0., 0.4, 0., -176.},
                                  {0., 0., 1., 0.},
                                  {0., 0., 0., 1.}},
                                 {{0.4, 0., 0., -32.},
                                  {0., 0.4, 0., -176.},
                                  {0., 0., 1., 0.},
                                  {0., 0., 0., 1.}},
                                 {{0.4, 0., 0., -32.},
                                  {0., 0.4, 0., -176.},
                                  {0., 0., 1., 0.},
                                  {0., 0., 0., 1.}},
                                 {{0.4, 0., 0., -32.},
                                  {0., 0.4, 0., -176.},
                                  {0., 0., 1., 0.},
                                  {0., 0., 0., 1.}}}};


typedef unsigned short half;
inline half __internal_float2half(const float f) {
  unsigned int x;
  unsigned int u;
  unsigned int result;
  unsigned int sign;
  unsigned int remainder;
  (void)memcpy(&x, &f, sizeof(f));
  u = (x & 0x7fffffffU);
  sign = ((x >> 16U) & 0x8000U);
  // NaN/+Inf/-Inf
  if (u >= 0x7f800000U) {
    remainder = 0U;
    result = ((u == 0x7f800000U) ? (sign | 0x7c00U) : 0x7fffU);
  } else if (u > 0x477fefffU) {  // Overflows
    remainder = 0x80000000U;
    result = (sign | 0x7bffU);
  } else if (u >= 0x38800000U) {  // Normal numbers
    remainder = u << 19U;
    u -= 0x38000000U;
    result = (sign | (u >> 13U));
  } else if (u < 0x33000001U) {  // +0/-0
    remainder = u;
    result = sign;
  } else {  // Denormal numbers
    const unsigned int exponent = u >> 23U;
    const unsigned int shift = 0x7eU - exponent;
    unsigned int mantissa = (u & 0x7fffffU);
    mantissa |= 0x800000U;
    remainder = mantissa << (32U - shift);
    result = (sign | (mantissa >> shift));
    result &= 0x0000FFFFU;
  }

  unsigned short x_tmp = static_cast<unsigned short>(result);
  if ((remainder > 0x80000000U) ||
      ((remainder == 0x80000000U) && ((x & 0x1U) != 0U))) {
    x_tmp++;
  }
  return x_tmp;
}