mission_loop:
  ros__parameters:

    arrive_distance_threshold: 2.0
    arrive_speed_threshold: 0.15
    arrive_time_threshold: 1.0

    points: ["A", "B"]

    points.A.x: 191.58346557617188
    points.A.y: -63.20964050292969
    points.A.z: -0.7966941790812165
    points.A.orientation_x: 0.0
    points.A.orientation_y: 0.0
    points.A.orientation_z: 0.2462331419554748
    points.A.orientation_w: 0.9692106271614724
    points.A.wait_time: 3.0

    points.B.x: 254.13575744628906
    points.B.y: -149.3636932373047
    points.B.z: -1.2012179585688096
    points.B.orientation_x: 0.0
    points.B.orientation_y: 0.0
    points.B.orientation_z: 0.9712548182311513
    points.B.orientation_w: -0.23804217706694986
    points.B.wait_time: 5.0

