mission_loop:
  ros__parameters:

    arrive_distance_threshold: 2.0
    arrive_speed_threshold: 0.15
    arrive_time_threshold: 1.0

    points: ["A", "B"]

    points.A.x: -166.75697572081393
    points.A.y: -84.12780794007236
    points.A.z: 0.5922776638379166
    points.A.orientation_x: 0.0009473683847744576
    points.A.orientation_y: 0.00033535554962371337
    points.A.orientation_z: -0.9788338857946326
    points.A.orientation_w: 0.20465388843112373
    points.A.wait_time: 3.0

    points.B.x: -179.1208953857422
    points.B.y: -92.13262176513672
    points.B.z: 0.2287895097178676
    points.B.orientation_x: 0.0
    points.B.orientation_y: 0.0
    points.B.orientation_z: 0.2640732435726477
    points.B.orientation_w: 0.9645026293530884
    points.B.wait_time: 5.0


